Date            Open	    High	    Low	        Close	    Adj Close  	Volume
Jul 06 2023	    13653.17	13689.52	13567.25	13679.04	13679.04	6113080000
Jul 07 2023	    13668.07	13804.51	13656.73	13660.72	13660.72	5098120000
Jul 10 2023	    13645.37	13692.41	13584.87	13685.48	13685.48	5275390000
Jul 11 2023	    13709.81	13774.83	13643.32	13760.7	    13760.7	    4840950000
Jul 12 2023	13915.64	13963.45	13842.13	13918.96	13918.96	5230620000
Jul 13 2023	14021.15	14163.8	14012.24	14138.57	14138.57	5183560000
Jul 14 2023	14166.66	14232.11	14081.96	14113.7	14113.7	5366890000
Jul 17 2023	14149.92	14274.41	14138.01	14244.95	14244.95	4593160000
Jul 18 2023	14212.25	14396.69	14176.11	14353.64	14353.64	4824070000
Jul 19 2023	14398.53	14446.55	14317.09	14358.02	14358.02	5112420000
Jul 20 2023	14273.29	14309.92	14030.62	14063.31	14063.31	5128020000
Jul 21 2023	14148.18	14179.01	14020.45	14032.81	14032.81	5254180000
Jul 24 2023	14081.63	14110.15	13997.13	14058.87	14058.87	4083070000
Jul 25 2023	14093.24	14201.91	14092.52	14144.56	14144.56	3812470000
Jul 26 2023	14123.52	14187.35	14041.95	14127.28	14127.28	4322000000
Jul 27 2023	14319.16	14360.2	14006.93	14050.11	14050.11	5115840000
Jul 28 2023	14199.83	14344.35	14188.1	14316.66	14316.66	4453520000
Jul 31 2023	14337.9	14370.91	14292.75	14346.02	14346.02	4934440000
Aug 01 2023	14274.93	14309.21	14215.64	14283.91	14283.91	4633770000
Aug 02 2023	14132.73	14133.85	13914.81	13973.45	13973.45	5481960000
Aug 03 2023	13899.76	14032.28	13881.35	13959.72	13959.72	6036970000
Aug 04 2023	14025.96	14119.22	13897.93	13909.24	13909.24	5349450000
Aug 07 2023	13972.45	13997.15	13864.92	13994.4	13994.4	4892330000
Aug 08 2023	13875.45	13899.74	13769.34	13884.32	13884.32	5284550000
Aug 09 2023	13897.61	13898.54	13698.39	13722.02	13722.02	5591360000
Aug 10 2023	13818.25	13947.16	13686.51	13737.99	13737.99	5299080000
Aug 11 2023	13633.65	13720.33	13609.98	13644.85	13644.85	4638880000
Aug 14 2023	13599.0	13789.16	13582.49	13788.33	13788.33	4272020000
Aug 15 2023	13760.48	13774.98	13611.94	13631.05	13631.05	4473320000
Aug 16 2023	13593.17	13644.32	13473.03	13474.63	13474.63	6243760000
Aug 17 2023	13527.3	13535.09	13303.45	13316.93	13316.93	5280180000
Aug 18 2023	13190.02	13335.87	13161.76	13290.78	13290.78	4801910000
Aug 21 2023	13347.26	13516.86	13325.59	13497.59	13497.59	4363070000
Aug 22 2023	13593.95	13598.77	13484.38	13505.87	13505.87	4282430000
Aug 23 2023	13532.43	13757.0	13532.43	13721.03	13721.03	4127850000
Aug 24 2023	13834.31	13834.69	13462.84	13463.97	13463.97	4383820000
Aug 25 2023	13514.37	13633.42	13376.35	13590.65	13590.65	3970060000
Aug 28 2023	13695.36	13735.98	13626.64	13705.13	13705.13	3666680000
Aug 29 2023	13687.23	13959.81	13677.06	13943.76	13943.76	4748180000
Aug 30 2023	13961.77	14050.82	13924.2	14019.31	14019.31	4364600000
Aug 31 2023	14041.54	14114.67	14010.48	14034.97	14034.97	4568610000
Sep 01 2023	14129.96	14149.62	13982.42	14031.81	14031.81	4033960000
Sep 05 2023	13994.54	14060.85	13945.65	14020.95	14020.95	4379790000
Sep 06 2023	13988.81	14001.95	13802.42	13872.47	13872.47	4215320000
Sep 07 2023	13675.11	13774.63	13642.47	13748.83	13748.83	4320830000
Sep 08 2023	13754.71	13843.37	13733.18	13761.53	13761.53	4160360000
Sep 11 2023	13884.03	13937.47	13805.13	13917.89	13917.89	4538870000
Sep 12 2023	13858.94	13913.6	13763.69	13773.61	13773.61	4595490000
Sep 13 2023	13773.67	13868.57	13733.82	13813.59	13813.59	4840310000
Sep 14 2023	13889.76	13957.57	13810.66	13926.05	13926.05	4649010000
Sep 15 2023	13889.2	13895.75	13684.24	13708.33	13708.33	8162210000
Sep 18 2023	13669.96	13751.28	13663.46	13710.24	13710.24	4855880000
Sep 19 2023	13649.44	13705.15	13578.87	13678.19	13678.19	4453460000
Sep 20 2023	13710.26	13727.81	13467.28	13469.13	13469.13	4782440000
Sep 21 2023	13328.06	13362.23	13222.56	13223.98	13223.98	5014890000
Sep 22 2023	13287.17	13353.22	13200.64	13211.81	13211.81	4302700000
Sep 25 2023	13172.54	13277.83	13132.0	13271.32	13271.32	4100290000
Sep 26 2023	13180.96	13199.13	13033.4	13063.61	13063.61	4693540000
Sep 27 2023	13115.36	13156.37	12963.16	13092.85	13092.85	4841410000
Sep 28 2023	13043.37	13270.97	13025.11	13201.28	13201.28	4648390000
Sep 29 2023	13337.71	13382.98	13177.09	13219.32	13219.32	5138500000
Oct 02 2023	13217.98	13364.03	13204.08	13307.77	13307.77	4554700000
Oct 03 2023	13229.68	13280.04	13008.6	13059.47	13059.47	4684310000
Oct 04 2023	13092.92	13258.76	13072.51	13236.01	13236.01	4308070000
Oct 05 2023	13228.12	13251.18	13087.57	13219.83	13219.83	4167470000
Oct 06 2023	13127.68	13472.27	13099.03	13431.34	13431.34	4309420000
Oct 09 2023	13326.22	13509.3	13277.48	13484.24	13484.24	3835930000
Oct 10 2023	13505.81	13659.63	13491.81	13562.84	13562.84	4301350000
Oct 11 2023	13619.21	13671.11	13549.29	13659.68	13659.68	4160440000
Oct 12 2023	13672.47	13714.14	13491.56	13574.22	13574.22	4858620000
Oct 13 2023	13613.59	13619.54	13361.85	13407.23	13407.23	4251550000
Oct 16 2023	13453.81	13598.05	13447.17	13567.98	13567.98	4308690000
Oct 17 2023	13419.87	13602.25	13364.74	13533.75	13533.75	4417640000
Oct 18 2023	13439.68	13499.74	13275.3	13314.3	13314.3	4617140000
Oct 19 2023	13354.8	13404.73	13157.33	13186.18	13186.18	5014790000
Oct 20 2023	13157.77	13177.35	12977.43	12983.81	12983.81	4622840000
Oct 23 2023	12930.85	13143.22	12848.83	13018.33	13018.33	4669060000
Oct 24 2023	13084.99	13170.39	13022.85	13139.87	13139.87	4604720000
Oct 25 2023	13039.86	13042.52	12804.3	12821.22	12821.22	4599850000
Oct 26 2023	12768.97	12818.14	12543.86	12595.61	12595.61	4894900000
Oct 27 2023	12718.69	12772.43	12600.57	12643.01	12643.01	4172100000
Oct 30 2023	12750.47	12842.96	12691.56	12789.48	12789.48	4149320000
Oct 31 2023	12786.62	12859.4	12697.04	12851.24	12851.24	4315630000
Nov 01 2023	12887.06	13072.42	12875.2	13061.47	13061.47	4545120000
Nov 02 2023	13230.49	13302.18	13177.64	13294.19	13294.19	4962950000
Nov 03 2023	13362.85	13520.28	13344.73	13478.28	13478.28	4918750000
Nov 06 2023	13514.08	13551.62	13435.99	13518.78	13518.78	4345850000
Nov 07 2023	13555.79	13675.46	13516.56	13639.86	13639.86	4354460000
Nov 08 2023	13660.22	13684.87	13573.58	13650.41	13650.41	4685550000
Nov 09 2023	13693.7	13697.82	13506.02	13521.45	13521.45	5313970000
Nov 10 2023	13571.19	13802.53	13556.35	13798.11	13798.11	4722140000
Nov 13 2023	13745.96	13805.11	13687.78	13767.74	13767.74	4349590000
Nov 14 2023	14015.37	14124.06	14003.14	14094.38	14094.38	5332490000
Nov 15 2023	14147.27	14194.36	14060.7	14103.84	14103.84	5063830000
Nov 16 2023	14066.88	14130.45	14033.79	14113.67	14113.67	4545180000
Nov 17 2023	14101.44	14154.32	14063.93	14125.48	14125.48	4408640000
Nov 20 2023	14134.75	14309.8	14134.2	14284.53	14284.53	4561810000
Nov 21 2023	14217.23	14237.5	14146.31	14199.98	14199.98	4128600000
Nov 22 2023	14283.82	14359.61	14226.63	14265.86	14265.86	3855240000
Nov 24 2023	14238.04	14270.28	14214.13	14250.85	14250.85	2541840000
Date	Open	High	Low	Close	Adj Close	Volume
Jul 06 2023	13653.17	13689.52	13567.25	13679.04	13679.04	6113080000
Jul 07 2023	13668.07	13804.51	13656.73	13660.72	13660.72	5098120000
Jul 10 2023	13645.37	13692.41	13584.87	13685.48	13685.48	5275390000
Jul 11 2023	13709.81	13774.83	13643.32	13760.7	13760.7	4840950000
Jul 12 2023	13915.64	13963.45	13842.13	13918.96	13918.96	5230620000
Jul 13 2023	14021.15	14163.8	14012.24	14138.57	14138.57	5183560000
Jul 14 2023	14166.66	14232.11	14081.96	14113.7	14113.7	5366890000
Jul 17 2023	14149.92	14274.41	14138.01	14244.95	14244.95	4593160000
Jul 18 2023	14212.25	14396.69	14176.11	14353.64	14353.64	4824070000
Jul 19 2023	14398.53	14446.55	14317.09	14358.02	14358.02	5112420000
Jul 20 2023	14273.29	14309.92	14030.62	14063.31	14063.31	5128020000
Jul 21 2023	14148.18	14179.01	14020.45	14032.81	14032.81	5254180000
Jul 24 2023	14081.63	14110.15	13997.13	14058.87	14058.87	4083070000
Jul 25 2023	14093.24	14201.91	14092.52	14144.56	14144.56	3812470000
Jul 26 2023	14123.52	14187.35	14041.95	14127.28	14127.28	4322000000
Jul 27 2023	14319.16	14360.2	14006.93	14050.11	14050.11	5115840000
Jul 28 2023	14199.83	14344.35	14188.1	14316.66	14316.66	4453520000
Jul 31 2023	14337.9	14370.91	14292.75	14346.02	14346.02	4934440000
Aug 01 2023	14274.93	14309.21	14215.64	14283.91	14283.91	4633770000
Aug 02 2023	14132.73	14133.85	13914.81	13973.45	13973.45	5481960000
Aug 03 2023	13899.76	14032.28	13881.35	13959.72	13959.72	6036970000
Aug 04 2023	14025.96	14119.22	13897.93	13909.24	13909.24	5349450000
Aug 07 2023	13972.45	13997.15	13864.92	13994.4	13994.4	4892330000
Aug 08 2023	13875.45	13899.74	13769.34	13884.32	13884.32	5284550000
Aug 09 2023	13897.61	13898.54	13698.39	13722.02	13722.02	5591360000
Aug 10 2023	13818.25	13947.16	13686.51	13737.99	13737.99	5299080000
Aug 11 2023	13633.65	13720.33	13609.98	13644.85	13644.85	4638880000
Aug 14 2023	13599.0	13789.16	13582.49	13788.33	13788.33	4272020000
Aug 15 2023	13760.48	13774.98	13611.94	13631.05	13631.05	4473320000
Aug 16 2023	13593.17	13644.32	13473.03	13474.63	13474.63	6243760000
Aug 17 2023	13527.3	13535.09	13303.45	13316.93	13316.93	5280180000
Aug 18 2023	13190.02	13335.87	13161.76	13290.78	13290.78	4801910000
Aug 21 2023	13347.26	13516.86	13325.59	13497.59	13497.59	4363070000
Aug 22 2023	13593.95	13598.77	13484.38	13505.87	13505.87	4282430000
Aug 23 2023	13532.43	13757.0	13532.43	13721.03	13721.03	4127850000
Aug 24 2023	13834.31	13834.69	13462.84	13463.97	13463.97	4383820000
Aug 25 2023	13514.37	13633.42	13376.35	13590.65	13590.65	3970060000
Aug 28 2023	13695.36	13735.98	13626.64	13705.13	13705.13	3666680000
Aug 29 2023	13687.23	13959.81	13677.06	13943.76	13943.76	4748180000
Aug 30 2023	13961.77	14050.82	13924.2	14019.31	14019.31	4364600000
Aug 31 2023	14041.54	14114.67	14010.48	14034.97	14034.97	4568610000
Sep 01 2023	14129.96	14149.62	13982.42	14031.81	14031.81	4033960000
Sep 05 2023	13994.54	14060.85	13945.65	14020.95	14020.95	4379790000
Sep 06 2023	13988.81	14001.95	13802.42	13872.47	13872.47	4215320000
Sep 07 2023	13675.11	13774.63	13642.47	13748.83	13748.83	4320830000
Sep 08 2023	13754.71	13843.37	13733.18	13761.53	13761.53	4160360000
Sep 11 2023	13884.03	13937.47	13805.13	13917.89	13917.89	4538870000
Sep 12 2023	13858.94	13913.6	13763.69	13773.61	13773.61	4595490000
Sep 13 2023	13773.67	13868.57	13733.82	13813.59	13813.59	4840310000
Sep 14 2023	13889.76	13957.57	13810.66	13926.05	13926.05	4649010000
Sep 15 2023	13889.2	13895.75	13684.24	13708.33	13708.33	8162210000
Sep 18 2023	13669.96	13751.28	13663.46	13710.24	13710.24	4855880000
Sep 19 2023	13649.44	13705.15	13578.87	13678.19	13678.19	4453460000
Sep 20 2023	13710.26	13727.81	13467.28	13469.13	13469.13	4782440000
Sep 21 2023	13328.06	13362.23	13222.56	13223.98	13223.98	5014890000
Sep 22 2023	13287.17	13353.22	13200.64	13211.81	13211.81	4302700000
Sep 25 2023	13172.54	13277.83	13132.0	13271.32	13271.32	4100290000
Sep 26 2023	13180.96	13199.13	13033.4	13063.61	13063.61	4693540000
Sep 27 2023	13115.36	13156.37	12963.16	13092.85	13092.85	4841410000
Sep 28 2023	13043.37	13270.97	13025.11	13201.28	13201.28	4648390000
Sep 29 2023	13337.71	13382.98	13177.09	13219.32	13219.32	5138500000
Oct 02 2023	13217.98	13364.03	13204.08	13307.77	13307.77	4554700000
Oct 03 2023	13229.68	13280.04	13008.6	13059.47	13059.47	4684310000
Oct 04 2023	13092.92	13258.76	13072.51	13236.01	13236.01	4308070000
Oct 05 2023	13228.12	13251.18	13087.57	13219.83	13219.83	4167470000
Oct 06 2023	13127.68	13472.27	13099.03	13431.34	13431.34	4309420000
Oct 09 2023	13326.22	13509.3	13277.48	13484.24	13484.24	3835930000
Oct 10 2023	13505.81	13659.63	13491.81	13562.84	13562.84	4301350000
Oct 11 2023	13619.21	13671.11	13549.29	13659.68	13659.68	4160440000
Oct 12 2023	13672.47	13714.14	13491.56	13574.22	13574.22	4858620000
Oct 13 2023	13613.59	13619.54	13361.85	13407.23	13407.23	4251550000
Oct 16 2023	13453.81	13598.05	13447.17	13567.98	13567.98	4308690000
Oct 17 2023	13419.87	13602.25	13364.74	13533.75	13533.75	4417640000
Oct 18 2023	13439.68	13499.74	13275.3	13314.3	13314.3	4617140000
Oct 19 2023	13354.8	13404.73	13157.33	13186.18	13186.18	5014790000
Oct 20 2023	13157.77	13177.35	12977.43	12983.81	12983.81	4622840000
Oct 23 2023	12930.85	13143.22	12848.83	13018.33	13018.33	4669060000
Oct 24 2023	13084.99	13170.39	13022.85	13139.87	13139.87	4604720000
Oct 25 2023	13039.86	13042.52	12804.3	12821.22	12821.22	4599850000
Oct 26 2023	12768.97	12818.14	12543.86	12595.61	12595.61	4894900000
Oct 27 2023	12718.69	12772.43	12600.57	12643.01	12643.01	4172100000
Oct 30 2023	12750.47	12842.96	12691.56	12789.48	12789.48	4149320000
Oct 31 2023	12786.62	12859.4	12697.04	12851.24	12851.24	4315630000
Nov 01 2023	12887.06	13072.42	12875.2	13061.47	13061.47	4545120000
Nov 02 2023	13230.49	13302.18	13177.64	13294.19	13294.19	4962950000
Nov 03 2023	13362.85	13520.28	13344.73	13478.28	13478.28	4918750000
Nov 06 2023	13514.08	13551.62	13435.99	13518.78	13518.78	4345850000
Nov 07 2023	13555.79	13675.46	13516.56	13639.86	13639.86	4354460000
Nov 08 2023	13660.22	13684.87	13573.58	13650.41	13650.41	4685550000
Nov 09 2023	13693.7	13697.82	13506.02	13521.45	13521.45	5313970000
Nov 10 2023	13571.19	13802.53	13556.35	13798.11	13798.11	4722140000
Nov 13 2023	13745.96	13805.11	13687.78	13767.74	13767.74	4349590000
Nov 14 2023	14015.37	14124.06	14003.14	14094.38	14094.38	5332490000
Nov 15 2023	14147.27	14194.36	14060.7	14103.84	14103.84	5063830000
Nov 16 2023	14066.88	14130.45	14033.79	14113.67	14113.67	4545180000
Nov 17 2023	14101.44	14154.32	14063.93	14125.48	14125.48	4408640000
Nov 20 2023	14134.75	14309.8	14134.2	14284.53	14284.53	4561810000
Nov 21 2023	14217.23	14237.5	14146.31	14199.98	14199.98	4128600000
Nov 22 2023	14283.82	14359.61	14226.63	14265.86	14265.86	3855240000
Nov 24 2023	14238.04	14270.28	14214.13	14250.85	14250.85	2541840000
Date			Open	High	Low	Close	Adj Close	Volume
Jul 06 2023		13653.17		13689.52		13567.25		13679.04		13679.04		6113080000
Jul 07 2023		13668.07		13804.51		13656.73		13660.72		13660.72		5098120000
Jul 10 2023		13645.37		13692.41		13584.87		13685.48		13685.48		5275390000
Jul 11 2023		13709.81		13774.83		13643.32		13760.7		13760.7		4840950000
Jul 12 2023		13915.64		13963.45		13842.13		13918.96		13918.96		5230620000
Jul 13 2023		14021.15		14163.8		14012.24		14138.57		14138.57		5183560000
Jul 14 2023		14166.66		14232.11		14081.96		14113.7		14113.7		5366890000
Jul 17 2023		14149.92		14274.41		14138.01		14244.95		14244.95		4593160000
Jul 18 2023		14212.25		14396.69		14176.11		14353.64		14353.64		4824070000
Jul 19 2023		14398.53		14446.55		14317.09		14358.02		14358.02		5112420000
Jul 20 2023		14273.29		14309.92		14030.62		14063.31		14063.31		5128020000
Jul 21 2023		14148.18		14179.01		14020.45		14032.81		14032.81		5254180000
Jul 24 2023		14081.63		14110.15		13997.13		14058.87		14058.87		4083070000
Jul 25 2023		14093.24		14201.91		14092.52		14144.56		14144.56		3812470000
Jul 26 2023		14123.52		14187.35		14041.95		14127.28		14127.28		4322000000
Jul 27 2023		14319.16		14360.2		14006.93		14050.11		14050.11		5115840000
Jul 28 2023		14199.83		14344.35		14188.1		14316.66		14316.66		4453520000
Jul 31 2023		14337.9		14370.91		14292.75		14346.02		14346.02		4934440000
Aug 01 2023		14274.93		14309.21		14215.64		14283.91		14283.91		4633770000
Aug 02 2023		14132.73		14133.85		13914.81		13973.45		13973.45		5481960000
Aug 03 2023		13899.76		14032.28		13881.35		13959.72		13959.72		6036970000
Aug 04 2023		14025.96		14119.22		13897.93		13909.24		13909.24		5349450000
Aug 07 2023		13972.45		13997.15		13864.92		13994.4		13994.4		4892330000
Aug 08 2023		13875.45		13899.74		13769.34		13884.32		13884.32		5284550000
Aug 09 2023		13897.61		13898.54		13698.39		13722.02		13722.02		5591360000
Aug 10 2023		13818.25		13947.16		13686.51		13737.99		13737.99		5299080000
Aug 11 2023		13633.65		13720.33		13609.98		13644.85		13644.85		4638880000
Aug 14 2023		13599.0		13789.16		13582.49		13788.33		13788.33		4272020000
Aug 15 2023		13760.48		13774.98		13611.94		13631.05		13631.05		4473320000
Aug 16 2023		13593.17		13644.32		13473.03		13474.63		13474.63		6243760000
Aug 17 2023		13527.3		13535.09		13303.45		13316.93		13316.93		5280180000
Aug 18 2023		13190.02		13335.87		13161.76		13290.78		13290.78		4801910000
Aug 21 2023		13347.26		13516.86		13325.59		13497.59		13497.59		4363070000
Aug 22 2023		13593.95		13598.77		13484.38		13505.87		13505.87		4282430000
Aug 23 2023		13532.43		13757.0		13532.43		13721.03		13721.03		4127850000
Aug 24 2023		13834.31		13834.69		13462.84		13463.97		13463.97		4383820000
Aug 25 2023		13514.37		13633.42		13376.35		13590.65		13590.65		3970060000
Aug 28 2023		13695.36		13735.98		13626.64		13705.13		13705.13		3666680000
Aug 29 2023		13687.23		13959.81		13677.06		13943.76		13943.76		4748180000
Aug 30 2023		13961.77		14050.82		13924.2		14019.31		14019.31		4364600000
Aug 31 2023		14041.54		14114.67		14010.48		14034.97		14034.97		4568610000
Sep 01 2023		14129.96		14149.62		13982.42		14031.81		14031.81		4033960000
Sep 05 2023		13994.54		14060.85		13945.65		14020.95		14020.95		4379790000
Sep 06 2023		13988.81		14001.95		13802.42		13872.47		13872.47		4215320000
Sep 07 2023		13675.11		13774.63		13642.47		13748.83		13748.83		4320830000
Sep 08 2023		13754.71		13843.37		13733.18		13761.53		13761.53		4160360000
Sep 11 2023		13884.03		13937.47		13805.13		13917.89		13917.89		4538870000
Sep 12 2023		13858.94		13913.6		13763.69		13773.61		13773.61		4595490000
Sep 13 2023		13773.67		13868.57		13733.82		13813.59		13813.59		4840310000
Sep 14 2023		13889.76		13957.57		13810.66		13926.05		13926.05		4649010000
Sep 15 2023		13889.2		13895.75		13684.24		13708.33		13708.33		8162210000
Sep 18 2023		13669.96		13751.28		13663.46		13710.24		13710.24		4855880000
Sep 19 2023		13649.44		13705.15		13578.87		13678.19		13678.19		4453460000
Sep 20 2023		13710.26		13727.81		13467.28		13469.13		13469.13		4782440000
Sep 21 2023		13328.06		13362.23		13222.56		13223.98		13223.98		5014890000
Sep 22 2023		13287.17		13353.22		13200.64		13211.81		13211.81		4302700000
Sep 25 2023		13172.54		13277.83		13132.0		13271.32		13271.32		4100290000
Sep 26 2023		13180.96		13199.13		13033.4		13063.61		13063.61		4693540000
Sep 27 2023		13115.36		13156.37		12963.16		13092.85		13092.85		4841410000
Sep 28 2023		13043.37		13270.97		13025.11		13201.28		13201.28		4648390000
Sep 29 2023		13337.71		13382.98		13177.09		13219.32		13219.32		5138500000
Oct 02 2023		13217.98		13364.03		13204.08		13307.77		13307.77		4554700000
Oct 03 2023		13229.68		13280.04		13008.6		13059.47		13059.47		4684310000
Oct 04 2023		13092.92		13258.76		13072.51		13236.01		13236.01		4308070000
Oct 05 2023		13228.12		13251.18		13087.57		13219.83		13219.83		4167470000
Oct 06 2023		13127.68		13472.27		13099.03		13431.34		13431.34		4309420000
Oct 09 2023		13326.22		13509.3		13277.48		13484.24		13484.24		3835930000
Oct 10 2023		13505.81		13659.63		13491.81		13562.84		13562.84		4301350000
Oct 11 2023		13619.21		13671.11		13549.29		13659.68		13659.68		4160440000
Oct 12 2023		13672.47		13714.14		13491.56		13574.22		13574.22		4858620000
Oct 13 2023		13613.59		13619.54		13361.85		13407.23		13407.23		4251550000
Oct 16 2023		13453.81		13598.05		13447.17		13567.98		13567.98		4308690000
Oct 17 2023		13419.87		13602.25		13364.74		13533.75		13533.75		4417640000
Oct 18 2023		13439.68		13499.74		13275.3		13314.3		13314.3		4617140000
Oct 19 2023		13354.8		13404.73		13157.33		13186.18		13186.18		5014790000
Oct 20 2023		13157.77		13177.35		12977.43		12983.81		12983.81		4622840000
Oct 23 2023		12930.85		13143.22		12848.83		13018.33		13018.33		4669060000
Oct 24 2023		13084.99		13170.39		13022.85		13139.87		13139.87		4604720000
Oct 25 2023		13039.86		13042.52		12804.3		12821.22		12821.22		4599850000
Oct 26 2023		12768.97		12818.14		12543.86		12595.61		12595.61		4894900000
Oct 27 2023		12718.69		12772.43		12600.57		12643.01		12643.01		4172100000
Oct 30 2023		12750.47		12842.96		12691.56		12789.48		12789.48		4149320000
Oct 31 2023		12786.62		12859.4		12697.04		12851.24		12851.24		4315630000
Nov 01 2023		12887.06		13072.42		12875.2		13061.47		13061.47		4545120000
Nov 02 2023		13230.49		13302.18		13177.64		13294.19		13294.19		4962950000
Nov 03 2023		13362.85		13520.28		13344.73		13478.28		13478.28		4918750000
Nov 06 2023		13514.08		13551.62		13435.99		13518.78		13518.78		4345850000
Nov 07 2023		13555.79		13675.46		13516.56		13639.86		13639.86		4354460000
Nov 08 2023		13660.22		13684.87		13573.58		13650.41		13650.41		4685550000
Nov 09 2023		13693.7		13697.82		13506.02		13521.45		13521.45		5313970000
Nov 10 2023		13571.19		13802.53		13556.35		13798.11		13798.11		4722140000
Nov 13 2023		13745.96		13805.11		13687.78		13767.74		13767.74		4349590000
Nov 14 2023		14015.37		14124.06		14003.14		14094.38		14094.38		5332490000
Nov 15 2023		14147.27		14194.36		14060.7		14103.84		14103.84		5063830000
Nov 16 2023		14066.88		14130.45		14033.79		14113.67		14113.67		4545180000
Nov 17 2023		14101.44		14154.32		14063.93		14125.48		14125.48		4408640000
Nov 20 2023		14134.75		14309.8		14134.2		14284.53		14284.53		4561810000
Nov 21 2023		14217.23		14237.5		14146.31		14199.98		14199.98		4128600000
Nov 22 2023		14283.82		14359.61		14226.63		14265.86		14265.86		3855240000
Nov 24 2023		14238.04		14270.28		14214.13		14250.85		14250.85		2541840000
Date			Open	High	Low	Close	Adj Close	Volume
Jul 06 2023		13653.17		13689.52		13567.25		13679.04		13679.04		6113080000
Jul 07 2023		13668.07		13804.51		13656.73		13660.72		13660.72		5098120000
Jul 10 2023		13645.37		13692.41		13584.87		13685.48		13685.48		5275390000
Jul 11 2023		13709.81		13774.83		13643.32		13760.7		13760.7		4840950000
Jul 12 2023		13915.64		13963.45		13842.13		13918.96		13918.96		5230620000
Jul 13 2023		14021.15		14163.8		14012.24		14138.57		14138.57		5183560000
Jul 14 2023		14166.66		14232.11		14081.96		14113.7		14113.7		5366890000
Jul 17 2023		14149.92		14274.41		14138.01		14244.95		14244.95		4593160000
Jul 18 2023		14212.25		14396.69		14176.11		14353.64		14353.64		4824070000
Jul 19 2023		14398.53		14446.55		14317.09		14358.02		14358.02		5112420000
Jul 20 2023		14273.29		14309.92		14030.62		14063.31		14063.31		5128020000
Jul 21 2023		14148.18		14179.01		14020.45		14032.81		14032.81		5254180000
Jul 24 2023		14081.63		14110.15		13997.13		14058.87		14058.87		4083070000
Jul 25 2023		14093.24		14201.91		14092.52		14144.56		14144.56		3812470000
Jul 26 2023		14123.52		14187.35		14041.95		14127.28		14127.28		4322000000
Jul 27 2023		14319.16		14360.2		14006.93		14050.11		14050.11		5115840000
Jul 28 2023		14199.83		14344.35		14188.1		14316.66		14316.66		4453520000
Jul 31 2023		14337.9		14370.91		14292.75		14346.02		14346.02		4934440000
Aug 01 2023		14274.93		14309.21		14215.64		14283.91		14283.91		4633770000
Aug 02 2023		14132.73		14133.85		13914.81		13973.45		13973.45		5481960000
Aug 03 2023		13899.76		14032.28		13881.35		13959.72		13959.72		6036970000
Aug 04 2023		14025.96		14119.22		13897.93		13909.24		13909.24		5349450000
Aug 07 2023		13972.45		13997.15		13864.92		13994.4		13994.4		4892330000
Aug 08 2023		13875.45		13899.74		13769.34		13884.32		13884.32		5284550000
Aug 09 2023		13897.61		13898.54		13698.39		13722.02		13722.02		5591360000
Aug 10 2023		13818.25		13947.16		13686.51		13737.99		13737.99		5299080000
Aug 11 2023		13633.65		13720.33		13609.98		13644.85		13644.85		4638880000
Aug 14 2023		13599.0		13789.16		13582.49		13788.33		13788.33		4272020000
Aug 15 2023		13760.48		13774.98		13611.94		13631.05		13631.05		4473320000
Aug 16 2023		13593.17		13644.32		13473.03		13474.63		13474.63		6243760000
Aug 17 2023		13527.3		13535.09		13303.45		13316.93		13316.93		5280180000
Aug 18 2023		13190.02		13335.87		13161.76		13290.78		13290.78		4801910000
Aug 21 2023		13347.26		13516.86		13325.59		13497.59		13497.59		4363070000
Aug 22 2023		13593.95		13598.77		13484.38		13505.87		13505.87		4282430000
Aug 23 2023		13532.43		13757.0		13532.43		13721.03		13721.03		4127850000
Aug 24 2023		13834.31		13834.69		13462.84		13463.97		13463.97		4383820000
Aug 25 2023		13514.37		13633.42		13376.35		13590.65		13590.65		3970060000
Aug 28 2023		13695.36		13735.98		13626.64		13705.13		13705.13		3666680000
Aug 29 2023		13687.23		13959.81		13677.06		13943.76		13943.76		4748180000
Aug 30 2023		13961.77		14050.82		13924.2		14019.31		14019.31		4364600000
Aug 31 2023		14041.54		14114.67		14010.48		14034.97		14034.97		4568610000
Sep 01 2023		14129.96		14149.62		13982.42		14031.81		14031.81		4033960000
Sep 05 2023		13994.54		14060.85		13945.65		14020.95		14020.95		4379790000
Sep 06 2023		13988.81		14001.95		13802.42		13872.47		13872.47		4215320000
Sep 07 2023		13675.11		13774.63		13642.47		13748.83		13748.83		4320830000
Sep 08 2023		13754.71		13843.37		13733.18		13761.53		13761.53		4160360000
Sep 11 2023		13884.03		13937.47		13805.13		13917.89		13917.89		4538870000
Sep 12 2023		13858.94		13913.6		13763.69		13773.61		13773.61		4595490000
Sep 13 2023		13773.67		13868.57		13733.82		13813.59		13813.59		4840310000
Sep 14 2023		13889.76		13957.57		13810.66		13926.05		13926.05		4649010000
Sep 15 2023		13889.2		13895.75		13684.24		13708.33		13708.33		8162210000
Sep 18 2023		13669.96		13751.28		13663.46		13710.24		13710.24		4855880000
Sep 19 2023		13649.44		13705.15		13578.87		13678.19		13678.19		4453460000
Sep 20 2023		13710.26		13727.81		13467.28		13469.13		13469.13		4782440000
Sep 21 2023		13328.06		13362.23		13222.56		13223.98		13223.98		5014890000
Sep 22 2023		13287.17		13353.22		13200.64		13211.81		13211.81		4302700000
Sep 25 2023		13172.54		13277.83		13132.0		13271.32		13271.32		4100290000
Sep 26 2023		13180.96		13199.13		13033.4		13063.61		13063.61		4693540000
Sep 27 2023		13115.36		13156.37		12963.16		13092.85		13092.85		4841410000
Sep 28 2023		13043.37		13270.97		13025.11		13201.28		13201.28		4648390000
Sep 29 2023		13337.71		13382.98		13177.09		13219.32		13219.32		5138500000
Oct 02 2023		13217.98		13364.03		13204.08		13307.77		13307.77		4554700000
Oct 03 2023		13229.68		13280.04		13008.6		13059.47		13059.47		4684310000
Oct 04 2023		13092.92		13258.76		13072.51		13236.01		13236.01		4308070000
Oct 05 2023		13228.12		13251.18		13087.57		13219.83		13219.83		4167470000
Oct 06 2023		13127.68		13472.27		13099.03		13431.34		13431.34		4309420000
Oct 09 2023		13326.22		13509.3		13277.48		13484.24		13484.24		3835930000
Oct 10 2023		13505.81		13659.63		13491.81		13562.84		13562.84		4301350000
Oct 11 2023		13619.21		13671.11		13549.29		13659.68		13659.68		4160440000
Oct 12 2023		13672.47		13714.14		13491.56		13574.22		13574.22		4858620000
Oct 13 2023		13613.59		13619.54		13361.85		13407.23		13407.23		4251550000
Oct 16 2023		13453.81		13598.05		13447.17		13567.98		13567.98		4308690000
Oct 17 2023		13419.87		13602.25		13364.74		13533.75		13533.75		4417640000
Oct 18 2023		13439.68		13499.74		13275.3		13314.3		13314.3		4617140000
Oct 19 2023		13354.8		13404.73		13157.33		13186.18		13186.18		5014790000
Oct 20 2023		13157.77		13177.35		12977.43		12983.81		12983.81		4622840000
Oct 23 2023		12930.85		13143.22		12848.83		13018.33		13018.33		4669060000
Oct 24 2023		13084.99		13170.39		13022.85		13139.87		13139.87		4604720000
Oct 25 2023		13039.86		13042.52		12804.3		12821.22		12821.22		4599850000
Oct 26 2023		12768.97		12818.14		12543.86		12595.61		12595.61		4894900000
Oct 27 2023		12718.69		12772.43		12600.57		12643.01		12643.01		4172100000
Oct 30 2023		12750.47		12842.96		12691.56		12789.48		12789.48		4149320000
Oct 31 2023		12786.62		12859.4		12697.04		12851.24		12851.24		4315630000
Nov 01 2023		12887.06		13072.42		12875.2		13061.47		13061.47		4545120000
Nov 02 2023		13230.49		13302.18		13177.64		13294.19		13294.19		4962950000
Nov 03 2023		13362.85		13520.28		13344.73		13478.28		13478.28		4918750000
Nov 06 2023		13514.08		13551.62		13435.99		13518.78		13518.78		4345850000
Nov 07 2023		13555.79		13675.46		13516.56		13639.86		13639.86		4354460000
Nov 08 2023		13660.22		13684.87		13573.58		13650.41		13650.41		4685550000
Nov 09 2023		13693.7		13697.82		13506.02		13521.45		13521.45		5313970000
Nov 10 2023		13571.19		13802.53		13556.35		13798.11		13798.11		4722140000
Nov 13 2023		13745.96		13805.11		13687.78		13767.74		13767.74		4349590000
Nov 14 2023		14015.37		14124.06		14003.14		14094.38		14094.38		5332490000
Nov 15 2023		14147.27		14194.36		14060.7		14103.84		14103.84		5063830000
Nov 16 2023		14066.88		14130.45		14033.79		14113.67		14113.67		4545180000
Nov 17 2023		14101.44		14154.32		14063.93		14125.48		14125.48		4408640000
Nov 20 2023		14134.75		14309.8		14134.2		14284.53		14284.53		4561810000
Nov 21 2023		14217.23		14237.5		14146.31		14199.98		14199.98		4128600000
Nov 22 2023		14283.82		14359.61		14226.63		14265.86		14265.86		3855240000
Nov 24 2023		14238.04		14270.28		14214.13		14250.85		14250.85		2541840000
